alliance5:  3260 1609 0,  0 0 0,  1200
alliance4:  3313 1648 0,  0 0 0,  1200
alliance1:  4632 1911 1,  0 0 0,  1199.95987200737
alliance6:  4629 2063 0,  0 0 0,  1200
provider3:  5119 1989 0,  0 0 0,  1200
provider1:  7269 2002 0,  0 0 0,  1200
provider5:  5087 1948 0,  0 0 0,  1200
alliance2:  3270 1627 0,  0 0 0,  1200
alliance3:  3323 1580 1,  0 0 0,  1199.9168455600739
provider2:  4986 1950 0,  0 0 0,  1200
provider7:  7308 2067 0,  0 0 0,  1200
provider6:  5013 1969 0,  0 0 0,  1200
provider4:  5279 1975 0,  0 0 0,  1200
62488
24338
