alliance4:  3214 4069 0,  0 0 0,  1200
alliance1:  4625 5129 1,  0 0 0,  1199.9479053020477
alliance2:  3179 4195 1,  0 0 0,  1199.9676041603088
provider5:  3798 3927 0,  0 0 0,  1200
provider1:  5811 2839 0,  0 0 0,  1200
provider3:  3811 3761 0,  0 0 0,  1200
alliance6:  4556 5141 2,  0 0 0,  1199.908719778061
provider7:  5820 2828 0,  0 0 0,  1200
provider2:  3601 4267 0,  0 0 0,  1200
alliance5:  3180 4259 1,  0 0 0,  1199.9824545383453
provider4:  3834 3924 0,  0 0 0,  1200
provider6:  3585 4447 0,  0 0 0,  1200
alliance3:  3212 4292 0,  0 0 0,  1200
52226
53078
