alliance3:  2784 11300 0,  0 0 0,  1200
alliance2:  2801 10884 4,  0 0 0,  1199.8857879638672
provider1:  4319 5454 0,  0 0 0,  1200
alliance4:  2779 11052 1,  0 0 0,  1199.9576787948608
alliance6:  3987 13544 3,  0 0 0,  1199.9405636787415
alliance1:  3981 14291 2,  0 0 0,  1199.9408752918243
provider3:  2180 10056 0,  0 0 0,  1200
alliance5:  2726 10795 1,  0 0 0,  1199.9722805023193
provider2:  1942 10894 0,  0 0 0,  1200
provider4:  2207 9940 0,  0 0 0,  1200
provider6:  1911 10869 0,  0 0 0,  1200
provider7:  4317 5258 0,  0 0 0,  1200
provider5:  2242 9321 0,  0 0 0,  1200
38176
133658
