alliance3:  2820 8641 4,  0 0 0,  1199.8217904567719
alliance5:  2755 8402 1,  0 0 0,  1199.9457819461823
alliance1:  3994 10188 3,  0 0 0,  1199.8903307914734
provider3:  2517 7482 0,  0 0 0,  1200
provider1:  4476 4070 0,  0 0 0,  1200
alliance6:  3987 10399 2,  0 0 0,  1199.9474530220032
provider5:  2513 7337 0,  0 0 0,  1200
provider6:  2254 8437 0,  0 0 0,  1200
alliance2:  2763 8066 0,  0 0 0,  1200
provider7:  4466 4182 0,  0 0 0,  1200
provider2:  2255 8183 0,  0 0 0,  1200
provider4:  2545 7166 0,  0 0 0,  1200
alliance4:  2806 8391 2,  0 0 0,  1199.803949356079
40151
100944
