provider1:  4893 3634 0,  0 0 0,  1200
alliance5:  2934 6736 0,  0 0 0,  1200
alliance2:  2948 6498 0,  0 0 0,  1200
alliance3:  2994 6872 0,  0 0 0,  1200
alliance6:  4305 8435 4,  0 0 0,  1199.7682802677155
alliance1:  4296 8477 2,  0 0 0,  1199.9205629825592
provider4:  2937 6265 0,  0 0 0,  1200
alliance4:  3004 6885 0,  0 0 0,  1200
provider7:  4879 3824 0,  0 0 0,  1200
provider6:  2765 6543 0,  0 0 0,  1200
provider3:  2957 6025 0,  0 0 0,  1200
provider2:  2736 6763 0,  0 0 0,  1200
provider5:  2921 6189 0,  0 0 0,  1200
44569
83146
