alliance5:  3537 2612 1,  0 0 0,  1199.8714354038239
alliance1:  5044 3087 1,  0 0 0,  1199.9832291603088
provider1:  7095 2474 0,  0 0 0,  1200
provider3:  5005 2708 0,  0 0 0,  1200
alliance6:  5085 2963 1,  0 0 0,  1199.8783288002014
alliance3:  3623 2713 0,  0 0 0,  1200
provider7:  7252 2522 0,  0 0 0,  1200
provider6:  4878 2852 0,  0 0 0,  1200
provider2:  4831 2793 0,  0 0 0,  1200
provider4:  5072 2772 0,  0 0 0,  1200
provider5:  4985 2654 0,  0 0 0,  1200
alliance4:  3622 2569 1,  0 0 0,  1199.9684972763062
alliance2:  3533 2588 0,  0 0 0,  1200
63562
35307
