provider2:  822 16474 0,  0 0 0,  1200
alliance5:  2228 16507 1,  0 0 0,  1199.9907641410828
alliance4:  2192 17836 2,  0 0 0,  1199.946055173874
alliance3:  2178 17683 2,  0 0 0,  1199.9222886562347
provider1:  3541 6756 0,  0 0 0,  1200
provider7:  3599 6638 0,  0 0 0,  1200
alliance6:  2700 23972 7,  0 0 0,  1199.5983633995056
provider5:  1380 13209 0,  0 0 0,  1200
alliance2:  2213 15986 1,  0 0 0,  1199.923897743225
provider3:  1427 12758 0,  0 0 0,  1200
alliance1:  2725 23370 3,  0 0 0,  1199.8653090000153
provider6:  867 15966 0,  0 0 0,  1200
provider4:  1248 14313 0,  0 0 0,  1200
27120
201468
