alliance6:  4346 6277 1,  0 0 0,  1199.951964855194
alliance1:  4388 6668 1,  0 0 0,  1199.974969625473
provider1:  5249 3117 0,  0 0 0,  1200
alliance2:  3059 5579 1,  0 0 0,  1199.913344860077
alliance3:  3098 5383 0,  0 0 0,  1200
provider6:  3082 5321 0,  0 0 0,  1200
alliance4:  3111 5292 1,  0 0 0,  1199.9503557682037
provider4:  3369 4948 0,  0 0 0,  1200
provider3:  3311 4786 0,  0 0 0,  1200
alliance5:  3027 5235 0,  0 0 0,  1200
provider2:  3139 5364 0,  0 0 0,  1200
provider5:  3320 4667 0,  0 0 0,  1200
provider7:  5260 3020 0,  0 0 0,  1200
47759
65657
