alliance3:  2524 14091 1,  0 0 0,  1199.9819340705872
alliance4:  2553 13904 1,  0 0 0,  1199.9795825481415
provider2:  1335 13636 0,  0 0 0,  1200
provider6:  1358 13771 0,  0 0 0,  1200
provider5:  1886 11407 0,  0 0 0,  1200
alliance6:  3485 17448 1,  0 0 0,  1199.9504432678223
provider1:  3974 6004 0,  0 0 0,  1200
alliance1:  3478 17919 0,  0 0 0,  1200
provider3:  1832 11121 0,  0 0 0,  1200
provider7:  3984 6078 0,  0 0 0,  1200
alliance2:  2496 13635 3,  0 0 0,  1199.9335644245148
provider4:  1683 12097 0,  0 0 0,  1200
alliance5:  2539 13477 3,  0 0 0,  1199.7733900547028
33127
164588
