provider3:  4235 3301 0,  0 0 0,  1200
alliance1:  4764 4040 1,  0 0 0,  1199.924200296402
provider2:  4113 3445 0,  0 0 0,  1200
provider1:  6309 2669 0,  0 0 0,  1200
provider7:  6289 2490 0,  0 0 0,  1200
alliance4:  3291 3324 0,  0 0 0,  1200
provider4:  4326 3104 0,  0 0 0,  1200
provider6:  4065 3487 0,  0 0 0,  1200
provider5:  4208 3245 0,  0 0 0,  1200
alliance3:  3352 3253 0,  0 0 0,  1200
alliance6:  4639 3919 2,  0 0 0,  1199.8313105106354
alliance2:  3269 3093 0,  0 0 0,  1200
alliance5:  3270 3231 0,  0 0 0,  1200
56130
42601
